1.781920 3.503729 3.473454 6.000000 6.000000 8.000000 -30.506954
0.364650 4.418827 0.125373 14.000000 8.000000 16.000000 -21.061324
3.882047 1.484896 0.380406 12.000000 6.000000 16.000000 -21.621485
3.286318 1.468931 0.375964 12.000000 6.000000 16.000000 -22.191582
1.764735 2.023137 0.319327 4.000000 6.000000 16.000000 -24.196910
3.396352 1.467534 0.385157 12.000000 6.000000 16.000000 -20.863679
3.155064 1.486226 0.474047 12.000000 7.000000 16.000000 -13.283883
4.442875 1.935443 0.359289 9.000000 6.000000 16.000000 -18.632227
4.313268 4.370863 0.228759 7.000000 6.000000 13.000000 -24.387496
3.011437 1.532814 0.372080 12.000000 7.000000 16.000000 -22.258287
0.947952 2.032582 0.282912 9.000000 6.000000 16.000000 -24.866039
0.948108 2.914710 0.279648 14.000000 6.000000 16.000000 -24.171769
1.256680 3.187383 4.891065 3.000000 6.000000 8.000000 -24.258113
0.476820 2.719291 0.225046 16.000000 6.000000 16.000000 -28.554042
1.718006 1.844842 0.293778 5.000000 6.000000 16.000000 -26.644449
0.754540 3.847839 4.400367 4.000000 6.000000 8.000000 -24.236069
0.131030 0.333663 0.408203 4.000000 2.000000 16.000000 -18.382386
3.669253 1.212544 0.488719 8.000000 2.000000 16.000000 -17.713358
0.311329 0.943156 0.417700 12.000000 6.000000 16.000000 -19.769423
2.066252 2.019424 0.326599 3.000000 6.000000 14.000000 -22.600653
1.151027 3.271343 0.291997 15.000000 6.000000 14.000000 -22.130426
2.226870 1.708920 0.343940 12.000000 7.000000 16.000000 -22.986724
0.337252 4.923274 2.791558 3.000000 7.000000 8.000000 -20.617972
